 0.9908634438
 0.9940818543
 0.9961884031
 0.9984286932
 1.0003158363
 1.0018487693
 1.0024554113
 1.0027124942
 1.0027618041
 1.0024357066
 1.0019146828
 1.0013389439
 1.0002115619
 0.9994767315
 0.9989312068
 0.9987285232
 0.9984262973
 0.9988448714
 0.9991436298
 1.0000000000
 1.0008227257
 1.0015734269
 1.0026596644
 1.0038268568
 1.0049108571
 1.0062561061
 1.0073912088
 1.0084319585
 1.0092458263
 1.0085208384
 1.0091153095
 1.0085432661
 1.0080437963
 1.0069971102
 1.0054334317
 1.0038623582
 1.0025822235
 1.0017162337
 1.0008523948
 0.9994932738
