 0.9964515103
 1.0010342508
 1.0031991534
 1.0045418857
 1.0048417388
 1.0042399897
 1.0035183564
 1.0024332692
 1.0011955317
 1.0004481912
 0.9994905873
 0.9991745534
 0.9984699475
 0.9980182321
 0.9986817376
 0.9993878855
 0.9985251621
 0.9999686404
 0.9996179939
 1.0000000000
 1.0002329090
 1.0005215981
 1.0019718826
 1.0011218774
 1.0014979235
 1.0021325089
 1.0020614252
 1.0021370344
 1.0027051133
 1.0013170736
 1.0036402579
 1.0044137375
 1.0075717742
 1.0088212590
 1.0110360007
 1.0117578509
 1.0108138919
 1.0108824534
 1.0096043691
 1.0077523096
