       0      50     100     149     199
     250     300     350     400     450
     502     552     602     652     702
     753     804     854     904     954
    1005    1055    1105    1156    1206
    1255    1306    1356    1406    1456
    1505    1555    1606    1656    1706
    1754    1804    1855    1905    1955
    2002    2052    2103    2153    2203
    2251    2301    2351    2401    2451
    2499    2549    2599    2649    2699
    2748    2798    2848    2898    2948
    2995    3045    3095    3145    3195
    3244    3293    3343    3393    3443
    3495    3545    3595    3645    3695
    3748    3798    3848    3898    3948
    3994    4044    4094    4144    4194
    4250    4300    4350    4400    4450
    4498    4548    4598    4648    4698
    4750    4800    4850    4900    4950
    5001    5051    5101    5151    5201
    5253    5303    5353    5403    5453
    5511    5561    5611    5661    5711
    5756    5807    5857    5907    5957
    6009    6059    6109    6159    6209
    6263    6313    6364    6414    6464
    6513    6564    6614    6664    6714
    6764    6815    6865    6915    6965
    7019    7069    7119    7169    7219
    7260    7310    7360    7410    7460
    7527    7577    7628    7678    7728
    7784    7834    7885    7935    7985
    8061    8111    8161    8212    8262
    8323    8373    8424    8474    8525
    8594    8644    8695    8745    8796
    8853    8903    8954    9005    9055
    9097    9148    9198    9249    9299
    9351    9401    9452    9502    9553
    9591    9642    9692    9743    9793
    9826    9876    9926    9977   10027
    9965   10014   10064   10114   10164
   10261   10311   10361   10411   10461
   10534   10584   10634   10684   10734
   10799   10849   10899   10950   11000
   11053   11104   11154   11204   11254
   11298   11348   11398   11448   11499
   11540   11591   11641   11691   11741
   11779   11829   11879   11929   11979
   12014   12064   12114   12165   12215
   12255   12306   12356   12406   12456
   12494   12544   12594   12644   12694
   12739   12789   12839   12889   12939
   12980   13030   13080   13130   13180
   13224   13274   13324   13373   13423
   13482   13532   13582   13632   13682
   13742   13792   13842   13891   13941
   13979   14029   14079   14129   14179
   14250   14300   14350   14400   14450
   14494   14544   14594   14644   14694
   14750   14800   14850   14900   14950
   15003   15054   15104   15154   15204
   15258   15308   15358   15408   15458
   15531   15581   15631   15681   15731
   15768   15818   15868   15918   15968
   16024   16074   16124   16174   16224
   16285   16335   16385   16435   16485
   16534   16584   16634   16684   16734
   16786   16836   16886   16936   16986
   17046   17096   17146   17196   17247
   17273   17323   17373   17423   17473
   17564   17614   17664   17714   17764
   17828   17879   17929   17979   18029
   18136   18187   18237   18287   18338
   18411   18461   18512   18562   18613
   18704   18755   18805   18856   18906
   18970   19021   19072   19122   19173
   19205   19256   19307   19357   19408
   19459   19510   19561   19611   19662
   19687   19738   19788   19839   19889
   19903   19953   20004   20054   20105
   19929   19979   20029   20078   20128
   20271   20321   20371   20421   20471
   20566   20616   20666   20716   20766
   20844   20894   20945   20995   21045
   21102   21152   21202   21252   21303
   21340   21390   21441   21491   21541
   21576   21626   21676   21726   21776
   21803   21853   21903   21953   22003
   22026   22076   22126   22176   22227
   22260   22310   22360   22410   22460
   22489   22539   22588   22638   22688
   22731   22781   22831   22881   22931
   22965   23015   23065   23115   23165
   23204   23254   23304   23354   23404
   23469   23519   23569   23619   23669
   23735   23785   23835   23885   23935
   23965   24015   24064   24114   24164
   24249   24299   24349   24399   24449
   24491   24541   24591   24641   24691
   24750   24800   24850   24900   24950
   25006   25056   25106   25156   25206
   25263   25313   25363   25413   25463
   25550   25600   25650   25701   25751
   25779   25829   25879   25929   25979
   26039   26089   26139   26189   26239
   26306   26356   26406   26456   26506
   26555   26605   26655   26705   26755
   26807   26857   26907   26957   27008
   27073   27123   27173   27223   27274
   27286   27336   27386   27436   27486
   27600   27650   27700   27751   27801
   27872   27923   27973   28023   28073
   28212   28262   28313   28363   28414
   28499   28550   28600   28651   28701
   28815   28865   28916   28966   29017
   29088   29139   29189   29240   29290
   29314   29364   29415   29465   29516
   29568   29619   29669   29720   29770
   29783   29834   29884   29935   29985
   29981   30031   30081   30132   30182
